$ANSIBLE_VAULT;1.1;AES256
64656437386433643763653263316133306433383964643034313030383830323736323263613764
3139373164336532303563643736313135353238326630330a623233653630303065643832323065
39323761643836363032333533383035303034383165663233333464653239383933643661333937
3663326163346630620a336131666233346566333533313631613761383632303766393362626332
32313233616633383365393762356330316430316639396233336535343364653166323862346535
32306361366162333762353562623831373833626634373765623439643166343935336463663361
39653532623230333438383734663339643764346365373130353730613864333237383562663135
32353236313336363262393064383465343030356365633836633466663839346636376663663835
61366163353036653337613963323835333837373230336639396361626532633836613431653862
31633431643465313336633365386138626464636434616663333734376565373164393763396631
31313834313864333638356562326536393538333738333765613466356463346431383861613063
36663437643435323435616132343264313634346136633966396135386432623738643666333939
62353737333861616561383538663762366235303634376330303132626436373838643266386430
39666535396538633438393932353931316437633333316234353765663865373730653263656639
64363564393531393335656138336265343362633861383433633235386537333735383336336536
66333838313362626435333366326166323230373165333835386338646639313365363866363036
62323563646463343839623265383664363863643237646264373865663037363463623234306233
32636436323464333064643438643434616565346366306631333464653137356231626538393563
37316166303232343231353535613562613262393335653664383831663863653633363865393861
39396434366334633233393035303332633030346665356339333539643166396339313938626563
35633661326665313439336338373830366139316436616631323039333938376466316264663962
63363235663534386232376233616466633561303465326364616561343661316637646561363638
32653538646238303263373339373737623163663935396131393839353037303964653130383434
63666566396239333436623864616338626330616239656365353434653534616336303331376638
38373461396266373631363635333866626363303662623631613636666463326137623764316166
3362383838306334666537346164333065633964313564393832
